{
 "cells": [
  {
   "cell_type": "code",
   "execution_count": 112,
   "metadata": {
    "collapsed": false
   },
   "outputs": [
    {
     "name": "stdout",
     "output_type": "stream",
     "text": [
      "[[  5.01979841e-03   1.98218398e-03   2.99394933e-03   1.59539700e-03\n",
      "    7.65417503e-04   7.90739559e-04  -8.99592892e-04  -1.12864194e-03\n",
      "    7.48235499e-04]\n",
      " [  1.98218398e-03   1.79253680e-03   1.04532102e-03   1.07505576e-03\n",
      "    5.27602922e-04   9.82527564e-04  -1.77343739e-04  -2.27515539e-04\n",
      "    7.18108686e-04]\n",
      " [  2.99394933e-03   1.04532102e-03   2.95982223e-03   6.20186849e-04\n",
      "    3.12877948e-04   4.27340447e-04  -6.96983983e-04  -8.54432246e-04\n",
      "    1.87448937e-04]\n",
      " [  1.59539700e-03   1.07505576e-03   6.20186849e-04   1.06597348e-03\n",
      "    3.92633115e-04   4.44305248e-04  -1.40452074e-04  -1.80477547e-04\n",
      "    6.56987215e-04]\n",
      " [  7.65417503e-04   5.27602922e-04   3.12877948e-04   3.92633115e-04\n",
      "    8.91682041e-04   4.16561091e-04  -1.63848214e-04  -2.01847710e-04\n",
      "    2.76536488e-04]\n",
      " [  7.90739559e-04   9.82527564e-04   4.27340447e-04   4.44305248e-04\n",
      "    4.16561091e-04   8.68695125e-04  -5.11365378e-05  -6.58793456e-05\n",
      "    4.23442202e-04]\n",
      " [ -8.99592892e-04  -1.77343739e-04  -6.96983983e-04  -1.40452074e-04\n",
      "   -1.63848214e-04  -5.11365378e-05   9.79891208e-03   7.02126722e-03\n",
      "   -3.55240630e-05]\n",
      " [ -1.12864194e-03  -2.27515539e-04  -8.54432246e-04  -1.80477547e-04\n",
      "   -2.01847710e-04  -6.58793456e-05   7.02126722e-03   1.67713947e-02\n",
      "   -4.58720961e-05]\n",
      " [  7.48235499e-04   7.18108686e-04   1.87448937e-04   6.56987215e-04\n",
      "    2.76536488e-04   4.23442202e-04  -3.55240630e-05  -4.58720961e-05\n",
      "    5.81066608e-04]]\n",
      "1\n",
      "2\n",
      "3\n",
      "4\n",
      "5\n",
      "6\n",
      "7\n",
      "8\n",
      "9\n",
      "10\n",
      "[ 0.89813631  0.85062243  0.90162872]\n"
     ]
    }
   ],
   "source": [
    "from sklearn.ensemble import GradientBoostingClassifier, ExtraTreesClassifier\n",
    "import utils as ut\n",
    "from sklearn.cross_validation import cross_val_score, KFold\n",
    "from sklearn.metrics import roc_auc_score\n",
    "from sklearn.lda import LDA\n",
    "from sklearn.decomposition import PCA\n",
    "from sklearn.preprocessing import scale, MinMaxScaler\n",
    "\n",
    "reload(ut)\n",
    "\n",
    "X, y = ut.load_X(), ut.load_y()\n",
    "# X = scale(X)\n",
    "\n",
    "mms = MinMaxScaler()\n",
    "X = mms.fit_transform(X)\n",
    "\n",
    "#pca = PCA(n_components=7)\n",
    "#pca.fit(X)\n",
    "#print pca.explained_variance_ratio_\n",
    "\n",
    "#X = pca.transform(X)\n",
    "\n",
    "lda = LDA(store_covariance=True)\n",
    "lda.fit(X, y)\n",
    "print lda.covariance_\n",
    "\n",
    "rfc = ExtraTreesClassifier()\n",
    "gbc = GradientBoostingClassifier()\n",
    "\n",
    "tots = np.zeros(shape=(10, 3))\n",
    "\n",
    "for j in range(10):\n",
    "    kfold = KFold(X.shape[0], n_folds=5, shuffle=True, random_state=0)\n",
    "\n",
    "    gbcs = np.zeros(len(kfold))\n",
    "    rfcs = np.zeros(len(kfold))\n",
    "    scores = np.zeros(len(kfold))\n",
    "\n",
    "    for i, (train, test) in enumerate(kfold):\n",
    "        rfc.fit(X[train], y[train])\n",
    "        rfc_y = rfc.predict_proba(X[test])[:, 1]\n",
    "        gbc.fit(X[train], y[train])\n",
    "        gbc_y = gbc.predict_proba(X[test])[:, 1]\n",
    "        # print roc_auc_score(y[test], rfc_y)\n",
    "        # print roc_auc_score(y[test], gbc_y)\n",
    "\n",
    "        alpha = 0.25\n",
    "\n",
    "        tot = alpha*(rfc_y)+(1-alpha)*gbc_y\n",
    "        # print tot\n",
    "        # tot[tot>.95] = 1.0\n",
    "\n",
    "        # print \"power combined:\\n%s\\n\" % roc_auc_score(y[test], tot)\n",
    "        gbcs[i] = roc_auc_score(y[test], gbc_y)\n",
    "        rfcs[i] = roc_auc_score(y[test], rfc_y)\n",
    "        scores[i] = roc_auc_score(y[test], tot)\n",
    "    \n",
    "    tots[j] = np.array([gbcs.mean(), rfcs.mean(), scores.mean()])\n",
    "    print j+1\n",
    "\n",
    "print tots.mean(axis=0)\n",
    "\n",
    "#print cross_val_score(etc, X, y, scoring='roc_auc', cv=5).mean()\n",
    "#print cross_val_score(dtc, X, y, scoring='roc_auc', cv=5).mean()\n",
    "#print cross_val_score(rfc, X, y, scoring='roc_auc', cv=5).mean()\n",
    "#print cross_val_score(gbc, X, y, scoring='roc_auc', cv=5).mean()\n"
   ]
  },
  {
   "cell_type": "code",
   "execution_count": null,
   "metadata": {
    "collapsed": true
   },
   "outputs": [],
   "source": []
  }
 ],
 "metadata": {
  "kernelspec": {
   "display_name": "Python 2",
   "language": "python",
   "name": "python2"
  },
  "language_info": {
   "codemirror_mode": {
    "name": "ipython",
    "version": 2
   },
   "file_extension": ".py",
   "mimetype": "text/x-python",
   "name": "python",
   "nbconvert_exporter": "python",
   "pygments_lexer": "ipython2",
   "version": "2.7.9"
  }
 },
 "nbformat": 4,
 "nbformat_minor": 0
}
